20448	144	20448	144	1	2	126302	18268155	13583786	2
2640	40	2640	40	1	3	78168	11069384	13713102	2
147098	931	147098	931	1	2	49672	6933543		11158425	2
434026	2747	434026	2747	1	2	134702	19180548	22954148	2
7920	120	7920	120	1	3	51799	7256170		11265350	2
5414	20	14367	31	16	14	709113	382759677	164297378	0
19995	10	93181	135	28	32	926175	469008860	246502346	0
132	2	1876	26	16	18	924304	468268262	245737504	0
2829	3	23930	41	16	18	599030	340167378	121713746	0
0	0	1782	24	16	18	586583	335192922	116983883	0
19922	12	98721	169	43	47	1327789	494810760	361156940	1
11345	6	17395	44	15	17	1636230	608537346	462941424	1
66	1	2182	18	16	18	1448457	539193933	400606579	1
66	1	1310	19	23	25	1663121	618486305	472349600	1
11496	8	16512	45	19	21	1567107	583118402	440320071	1
744380	10634	744380	10634	1	91	11233	775654		6460946		7
0	0	0	0	78	82	74218	3122203		16340		7
35000	500	35000	500	1	81	728	50608		510971		7
0	0	0	0	78	82	201378	8463092		20372		7
881090	12587	881090	12587	1	85	13262	915584		7637983		7
120	2	8572	126	195	249	1923991	500660985	22481993	3
234	3	74121	370	87	108	3660484	837705958	49646217	3
953	5	44093	216	90	104	6629348	1168396684	102462133	3
66	1	6773	39	27	29	6041250	1102290768	92414494	3
120	2	7936	118	161	216	4873056	984658911	71051851	3
299	3	2242	19	10	12	844234	287989694	2271209		5
299	3	7351	58	21	23	1212753	351245773	3382692		5
299	3	2331	21	15	17	1725542	432499204	5079677		5
155	2	830	10	6	7	319793	55579735	1015382		5
126	2	2638	24	16	18	415908	70287760	1361995		5
126	2	2411	27	18	20	1065525	328608890	2921250		5
19806	10	97300	165	46	50	2778642	1240478995	423621105	4
132	2	2267	31	30	32	3757738	1588800057	725199569	4
5347	19	95926	165	55	59	1891191	809034198	205878497	4
6711	28	95240	165	46	50	1668791	732821000	137805761	4
5473	21	96714	157	42	47	1305491	608917135	28933653	4
66	1	18106	113	385	387	1854646	796624030	194702918	4
10230	8	16003	46	20	22	1616359	715264995	122999770	4
5347	19	91852	121	37	41	3160903	1375415343	543789134	4
0	0	0	0	87	175	54453	2943686		12512		6
0	0	0	0	81	163	407647	22017160	28400		6
0	0	0	0	81	163	271619	14672286	24004		6
0	0	0	0	72	145	87992	4756998		17432		6
0	0	0	0	68	139	2766	152576		8870		6
366	5	7308	87	9	10	1644180	535563141	10099505	8
556	8	17306	145	13	14	1264601	407886065	9409395		8
366	5	4914	36	10	11	3615460	947738638	15414754	8
556	8	1936	28	15	16	3056472	851991256	13803474	8
556	8	699895	1574	14	15	1802958	560742001	10484809	8
366	5	1540	22	7	8	2837375	819098594	13093522	8

